1.4471476911017267
1.4447029181484217
1.442892586826149
1.4414068694830267
1.4401271889491412
1.4389931015387505
1.4379688479158543
1.4370312021387535
1.4361640734813141
1.435355773007407
1.4345974945832745
1.4338824096403022
1.4332050973970145
1.4325611700999488
1.4319470174441609
1.431359626899353
1.4307964540922289
1.4302553271946186
1.429734375014972
1.4292319719872744
1.4287466954463794
1.4282772919955067
1.427822650708697
1.4273817815446272
1.426953797785028
1.4265379016175908
1.426133372201964
1.4257395557157384
1.4253558569934903
1.4249817324582026
1.4246166841092158
1.42426025438007
1.4239120217173307
1.4235715967607028
1.4232386190275126
1.4229127540225708
1.4225936907086343
1.4222811392840249
1.4219748292230674
1.4216745075423896
1.421379937262082
1.4210908960356607
1.4208071749267497
1.4205285773137653
1.420254917906626
1.4199860218618126
1.4197217239840383
1.4194618680044064
1.419206305926297
1.4189548974313901
1.418707509339213
1.4184640151144445
1.4182242944169245
1.4179882326899413
1.4177557207828961
1.41752665460491
1.4173009348063281
1.4170784664854352
1.4168591589179889
1.4166429253074366
1.4164296825539295
1.4162193510404268
1.4160118544343805
1.4158071195036332
1.4156050759453114
1.415405656226611
1.4152087954364774
1.415014431147298
1.414822503285778
1.4146329540122815
1.4144457276079647
1.4142607703690941
1.4140780305080078
1.4138974580602084
1.4137190047971366
1.4135426241442115
1.4133682711037434
1.4131959021823841
1.413025475322781
1.412856949839156
1.4126902863565238
1.412525446753306
1.412362394107126
1.412201092643551
1.412041507687603
1.4118836056178539
1.4117273538229413
1.4115727206603441
1.4114196754172907
1.411268188273648
1.4111182302666867
1.4109697732576016
1.410822789899682
1.4106772536080299
1.4105331385307482
1.4103904195214978
1.410249072113355
1.4101090724938912
1.4099703974814075
1.4098330245022574
