-2.000000000000000000e+02
-2.000000000000000000e+02
-2.000000000000000000e+02
-2.000000000000000000e+02
-2.000000000000000000e+02
-2.000000000000000000e+02
-2.000000000000000000e+02
-2.000000000000000000e+02
-2.000000000000000000e+02
-2.000000000000000000e+02
-2.000000000000000000e+02
-2.000000000000000000e+02
-2.000000000000000000e+02
-2.000000000000000000e+02
-2.000000000000000000e+02
-2.000000000000000000e+02
-2.000000000000000000e+02
-2.000000000000000000e+02
-2.000000000000000000e+02
-2.000000000000000000e+02
-2.000000000000000000e+02
-2.000000000000000000e+02
-2.000000000000000000e+02
-2.000000000000000000e+02
-2.000000000000000000e+02
-2.000000000000000000e+02
-2.000000000000000000e+02
-2.000000000000000000e+02
-2.000000000000000000e+02
-2.000000000000000000e+02
-2.000000000000000000e+02
-2.000000000000000000e+02
-2.000000000000000000e+02
-2.000000000000000000e+02
-2.000000000000000000e+02
-2.000000000000000000e+02
-2.000000000000000000e+02
-2.000000000000000000e+02
-2.000000000000000000e+02
-2.000000000000000000e+02
-2.000000000000000000e+02
-2.000000000000000000e+02
-2.000000000000000000e+02
-2.000000000000000000e+02
-2.000000000000000000e+02
-2.000000000000000000e+02
-2.000000000000000000e+02
-2.000000000000000000e+02
-2.000000000000000000e+02
-2.000000000000000000e+02
-2.000000000000000000e+02
-2.000000000000000000e+02
-2.000000000000000000e+02
-2.000000000000000000e+02
-2.000000000000000000e+02
-2.000000000000000000e+02
-2.000000000000000000e+02
-2.000000000000000000e+02
-2.000000000000000000e+02
-2.000000000000000000e+02
-2.000000000000000000e+02
-2.000000000000000000e+02
-2.000000000000000000e+02
-2.000000000000000000e+02
-2.000000000000000000e+02
-2.000000000000000000e+02
-2.000000000000000000e+02
-2.000000000000000000e+02
-2.000000000000000000e+02
-2.000000000000000000e+02
-2.000000000000000000e+02
-2.000000000000000000e+02
-2.000000000000000000e+02
-2.000000000000000000e+02
-2.000000000000000000e+02
-2.000000000000000000e+02
-2.000000000000000000e+02
-2.000000000000000000e+02
-2.000000000000000000e+02
-2.000000000000000000e+02
-2.000000000000000000e+02
-2.000000000000000000e+02
-2.000000000000000000e+02
-2.000000000000000000e+02
-2.000000000000000000e+02
-2.000000000000000000e+02
-2.000000000000000000e+02
-2.000000000000000000e+02
-2.000000000000000000e+02
-1.985999999999999943e+02
-1.985999999999999943e+02
-1.974399999999999977e+02
-1.974399999999999977e+02
-1.974399999999999977e+02
-1.957199999999999989e+02
-1.957199999999999989e+02
-1.957199999999999989e+02
-1.942400000000000091e+02
-1.942400000000000091e+02
-1.942400000000000091e+02
-1.930000000000000000e+02
-1.930000000000000000e+02
-1.930000000000000000e+02
-1.916800000000000068e+02
-1.916800000000000068e+02
-1.915999999999999943e+02
-1.915999999999999943e+02
-1.914000000000000057e+02
-1.914000000000000057e+02
-1.914000000000000057e+02
-1.910399999999999920e+02
-1.885200000000000102e+02
-1.866399999999999864e+02
-1.866399999999999864e+02
-1.860000000000000000e+02
-1.851999999999999886e+02
-1.863600000000000136e+02
-1.849199999999999875e+02
-1.831999999999999886e+02
-1.829600000000000080e+02
-1.800399999999999920e+02
-1.794000000000000057e+02
-1.808400000000000034e+02
-1.789600000000000080e+02
-1.789600000000000080e+02
-1.791999999999999886e+02
-1.776800000000000068e+02
-1.758799999999999955e+02
-1.758799999999999955e+02
-1.727199999999999989e+02
-1.715200000000000102e+02
-1.701999999999999886e+02
-1.704000000000000057e+02
-1.700000000000000000e+02
-1.686399999999999864e+02
-1.662800000000000011e+02
-1.674399999999999977e+02
-1.687599999999999909e+02
-1.687599999999999909e+02
-1.684399999999999977e+02
-1.665600000000000023e+02
-1.645600000000000023e+02
-1.654399999999999977e+02
-1.669600000000000080e+02
-1.675200000000000102e+02
-1.686800000000000068e+02
-1.690000000000000000e+02
-1.673600000000000136e+02
-1.677199999999999989e+02
-1.647599999999999909e+02
-1.655600000000000023e+02
-1.655200000000000102e+02
-1.667599999999999909e+02
-1.680800000000000125e+02
-1.694399999999999977e+02
-1.687599999999999909e+02
-1.700800000000000125e+02
-1.682400000000000091e+02
-1.669199999999999875e+02
-1.664000000000000057e+02
-1.688000000000000114e+02
-1.684399999999999977e+02
-1.674000000000000057e+02
-1.674000000000000057e+02
-1.675999999999999943e+02
-1.670399999999999920e+02
-1.676399999999999864e+02
-1.646800000000000068e+02
-1.619199999999999875e+02
-1.602400000000000091e+02
-1.602800000000000011e+02
-1.594799999999999898e+02
-1.595999999999999943e+02
-1.611200000000000045e+02
-1.608400000000000034e+02
-1.610399999999999920e+02
-1.624799999999999898e+02
-1.610000000000000000e+02
-1.578000000000000114e+02
-1.561599999999999966e+02
-1.554000000000000057e+02
-1.546399999999999864e+02
-1.541200000000000045e+02
-1.525600000000000023e+02
-1.513600000000000136e+02
-1.481999999999999886e+02
-1.499199999999999875e+02
-1.515200000000000102e+02
-1.498400000000000034e+02
-1.493199999999999932e+02
-1.492800000000000011e+02
-1.489199999999999875e+02
-1.510000000000000000e+02
-1.510800000000000125e+02
-1.541200000000000045e+02
-1.543199999999999932e+02
-1.521599999999999966e+02
-1.504399999999999977e+02
-1.472800000000000011e+02
-1.470800000000000125e+02
-1.455200000000000102e+02
-1.446800000000000068e+02
-1.448799999999999955e+02
-1.460000000000000000e+02
-1.460800000000000125e+02
-1.454799999999999898e+02
-1.427199999999999989e+02
-1.439199999999999875e+02
-1.460000000000000000e+02
-1.471999999999999886e+02
-1.485999999999999943e+02
-1.451999999999999886e+02
-1.418799999999999955e+02
-1.423600000000000136e+02
-1.450399999999999920e+02
-1.465600000000000023e+02
-1.477599999999999909e+02
-1.458799999999999955e+02
-1.463199999999999932e+02
-1.452400000000000091e+02
-1.446399999999999864e+02
-1.477599999999999909e+02
-1.475200000000000102e+02
-1.471599999999999966e+02
-1.483199999999999932e+02
-1.498799999999999955e+02
-1.473600000000000136e+02
-1.491200000000000045e+02
-1.504399999999999977e+02
-1.501200000000000045e+02
-1.515200000000000102e+02
-1.530800000000000125e+02
-1.508799999999999955e+02
-1.485200000000000102e+02
-1.461200000000000045e+02
-1.472800000000000011e+02
-1.485999999999999943e+02
-1.511200000000000045e+02
-1.523199999999999932e+02
-1.505600000000000023e+02
-1.504000000000000057e+02
-1.493600000000000136e+02
-1.492400000000000091e+02
-1.491200000000000045e+02
-1.461200000000000045e+02
-1.471999999999999886e+02
-1.461999999999999886e+02
-1.495999999999999943e+02
-1.499600000000000080e+02
-1.501599999999999966e+02
-1.478400000000000034e+02
-1.478799999999999955e+02
-1.444399999999999977e+02
-1.414799999999999898e+02
-1.415999999999999943e+02
-1.423199999999999932e+02
-1.400000000000000000e+02
-1.399600000000000080e+02
-1.398799999999999955e+02
-1.425200000000000102e+02
-1.400399999999999920e+02
-1.385999999999999943e+02
-1.372800000000000011e+02
-1.340399999999999920e+02
-1.323199999999999932e+02
-1.318799999999999955e+02
-1.322400000000000091e+02
-1.323600000000000136e+02
-1.314399999999999977e+02
-1.319199999999999875e+02
-1.292800000000000011e+02
-1.281999999999999886e+02
-1.248400000000000034e+02
-1.270000000000000000e+02
-1.275600000000000023e+02
-1.263599999999999994e+02
-1.261200000000000045e+02
-1.260000000000000000e+02
-1.272800000000000011e+02
-1.300399999999999920e+02
-1.277999999999999972e+02
-1.298799999999999955e+02
-1.297599999999999909e+02
-1.311599999999999966e+02
-1.314799999999999898e+02
-1.312800000000000011e+02
-1.311999999999999886e+02
-1.297199999999999989e+02
-1.309600000000000080e+02
-1.317199999999999989e+02
-1.305999999999999943e+02
-1.284399999999999977e+02
-1.280399999999999920e+02
-1.298799999999999955e+02
-1.299600000000000080e+02
-1.302400000000000091e+02
-1.289199999999999875e+02
-1.303199999999999932e+02
-1.277999999999999972e+02
-1.258799999999999955e+02
-1.278400000000000034e+02
-1.280800000000000125e+02
-1.303199999999999932e+02
-1.326399999999999864e+02
-1.297599999999999909e+02
-1.296399999999999864e+02
-1.284799999999999898e+02
-1.285200000000000102e+02
-1.271599999999999966e+02
-1.250000000000000000e+02
-1.267999999999999972e+02
-1.285600000000000023e+02
-1.306399999999999864e+02
-1.315200000000000102e+02
-1.306800000000000068e+02
-1.305600000000000023e+02
-1.305200000000000102e+02
-1.305600000000000023e+02
-1.300399999999999920e+02
-1.299600000000000080e+02
-1.328799999999999955e+02
-1.318799999999999955e+02
-1.304000000000000057e+02
-1.304399999999999977e+02
-1.301599999999999966e+02
-1.280399999999999920e+02
-1.278400000000000034e+02
-1.256800000000000068e+02
-1.222399999999999949e+02
-1.250000000000000000e+02
-1.250000000000000000e+02
-1.260799999999999983e+02
-1.273599999999999994e+02
-1.274399999999999977e+02
-1.273199999999999932e+02
-1.255600000000000023e+02
-1.237999999999999972e+02
-1.230799999999999983e+02
-1.221200000000000045e+02
-1.247199999999999989e+02
-1.270400000000000063e+02
-1.287599999999999909e+02
-1.313600000000000136e+02
-1.299600000000000080e+02
-1.300800000000000125e+02
-1.284000000000000057e+02
-1.294399999999999977e+02
-1.294000000000000057e+02
-1.291599999999999966e+02
-1.292800000000000011e+02
-1.312800000000000011e+02
-1.330000000000000000e+02
-1.330399999999999920e+02
-1.355600000000000023e+02
-1.329600000000000080e+02
-1.331999999999999886e+02
-1.319600000000000080e+02
-1.307199999999999989e+02
-1.305999999999999943e+02
-1.305999999999999943e+02
-1.305200000000000102e+02
-1.321999999999999886e+02
-1.309600000000000080e+02
-1.318400000000000034e+02
-1.292800000000000011e+02
-1.270799999999999983e+02
-1.252399999999999949e+02
-1.228799999999999955e+02
-1.228400000000000034e+02
-1.221599999999999966e+02
-1.207199999999999989e+02
-1.220799999999999983e+02
-1.237199999999999989e+02
-1.237999999999999972e+02
-1.238799999999999955e+02
-1.219200000000000017e+02
